1063 1150 1150 1063
824 819 802 807

1160 1251 1251 1160
893 888 869 874

1268 1363 1363 1268
969 963 944 950

1389 1489 1489 1389
1054 1047 1027 1034

1524 1629 1629 1524
1151 1144 1123 1130

1675 1785 1785 1675
1264 1255 1232 1241

2038 2159 2159 2038
1538 1525 1499 1512

2256 2383 2383 2256
1699 1684 1657 1672

1151 1239 1239 1151
891 886 868 873

1292 1384 1384 1292
978 972 953 959

1632 1734 1734 1632
1190 1181 1160 1169

1838 1945 1945 1838
1323 1314 1290 1301

1008 1094 1094 1008
831 827 811 815

1176 1270 1270 1176
965 960 941 947

1272 1371 1371 1271
1043 1035 1016 1024

1378 1482 1482 1378
1130 1122 1102 1110

1497 1605 1605 1497
1228 1219 1198 1207

1629 1742 1742 1629
1337 1327 1305 1315

1777 1895 1895 1777
1459 1447 1424 1436

1943 2067 2067 1943
1594 1580 1556 1570

1200 1276 1276 1200
699 695 681 685

1330 1410 1410 1330
775 770 775 760

1474 1558 1558 1475
858 853 837 842

1636 1724 1724 1636
952 947 930 936

2193 2300 2300 2193
1350 1340 1319 1329

2193 2300 2300 2193
1351 1340 1319 1329

2102 2220 2220 2102
1521 1510 1488 1499

1150 1248 1248 1150
1003 999 980 984

1267 1369 1369 1267
1094 1089 1069 1074

1545 1659 1659 1545
1319 1311 1288 1296

1711 1833 1833 1712
1455 1446 1422 1432

1709 1801 1801 1710
967 963 943 948

2150 2248 2248 2150
1239 1233 1212 1221

2287 2395 2395 2287
1421 1411 1389 1399

2112 2217 2217 2112
1302 1293 1272 1281

1678 1772 1772 1678
1017 1011 992 998

1818 1924 1924 1818
1210 1202 1181 1189

1708 1812 1812 1708
1133 1126 1104 1112







861	906	906	861
492	489	478	481

852 897 897 852
494 491 482 485

1048 1109 1109 1048
809 801 787 795

1080 1143 1143 1080
842 833 819 828

897 947 947 897
587 583 570 574

1318 1397 1397 1318
736 732 717 721

1777 1895 1895 1777
1459 1447 1424 1436

1629 1742 1742 1629
1337 1327 1305 1315

1378 1482 1482 1378
1130 1122 1102 1110

2214 2321 2321 2214
1320 1312 1290 1298

1927 2026 2026 1927
1127 1122 1102 1107

2257 2361 2361 2257
1392 1380 1357 1369

2257 2382 2382 2257
1699 1682 1657 1674

2038 2158 2158 2038
1537 1525 1500 1512

1837 1944 1944 1837
1324 1313 1290 1301

1676 1784 1784 1676
1264 1254 1232 1242

1524 1629 1629 1524
1151 1144 1123 1130

2131 2260 2260 2131
1747 1730 1703 1720

2101 2220 2220 2101
1521 1510 1487 1498

1216 1316 1316 1216
1095 1088 1068 1075

1374 1478 1478 1375
1167 1159 1139 1147

1682 1780 1780 1682
1045 1039 1019 1025

1555 1646 1646 1555
 945  939  921  927


