861	906	906	861
492	489	478	481

852 897 897 852
494 491 482 485

1048 1109 1109 1048
809 801 787 795

1080 1143 1143 1080
842 833 819 828

897 947 947 897
587 583 570 574

1318 1397 1397 1318
736 732 717 721

1777 1895 1895 1777
1459 1447 1424 1436

1629 1742 1742 1629
1337 1327 1305 1315

1378 1482 1482 1378
1130 1122 1102 1110

2214 2321 2321 2214
1320 1312 1290 1298

1927 2026 2026 1927
1127 1122 1102 1107

2257 2361 2361 2257
1392 1380 1357 1369

2257 2382 2382 2257
1699 1682 1657 1674

2038 2158 2158 2038
1537 1525 1500 1512

1837 1944 1944 1837
1324 1313 1290 1301

1676 1784 1784 1676
1264 1254 1232 1242

1524 1629 1629 1524
1151 1144 1123 1130

2131 2260 2260 2131
1747 1730 1703 1720

2101 2220 2220 2101
1521 1510 1487 1498

1216 1316 1316 1216
1095 1088 1068 1075

1374 1478 1478 1375
1167 1159 1139 1147

1682 1780 1780 1682
1045 1039 1019 1025

1555 1646 1646 1555
 945  939  921  927